P3
#My Initials In My School Colors- Seth Miller
16 11
255
150 150 150  150 150 150  150 150 150  150 150 150  150 150 150  150 150 150  150 150 150  150 150 150  150 150 150  150 150 150  150 150 150  150 150 150  150 150 150  150 150 150  150 150 150  150 150 150
150 150 150  150 150 150  153 0 153    153 0 153    153 0 153    150 150 150  150 150 150  150 150 150  153 0 153    150 150 150  150 150 150  150 150 150  150 150 150  150 150 150  153 0 153    150 150 150
150 150 150  153 0 153    150 150 150  150 150 150  150 150 150  153 0 153    150 150 150  150 150 150  153 0 153    153 0 153    150 150 150  150 150 150  150 150 150  153 0 153    153 0 153    150 150 150
150 150 150  153 0 153    150 150 150  150 150 150  150 150 150  150 150 150  150 150 150  150 150 150  153 0 153    153 0 153    153 0 153    150 150 150  153 0 153    153 0 153    153 0 153    150 150 150
150 150 150  153 0 153    153 0 153    150 150 150  150 150 150  150 150 150  150 150 150  150 150 150  153 0 153    150 150 150  153 0 153    153 0 153    153 0 153    150 150 150  153 0 153    150 150 150
150 150 150  150 150 150  153 0 153    153 0 153    150 150 150  150 150 150  150 150 150  150 150 150  153 0 153    150 150 150  150 150 150  153 0 153    150 150 150  150 150 150  153 0 153    150 150 150
150 150 150  150 150 150  150 150 150  153 0 153    153 0 153    153 0 153    150 150 150  150 150 150  153 0 153    150 150 150  150 150 150  150 150 150  150 150 150  150 150 150  153 0 153    150 150 150
150 150 150  150 150 150  150 150 150  150 150 150  150 150 150  153 0 153    150 150 150  150 150 150  153 0 153    150 150 150  150 150 150  150 150 150  150 150 150  150 150 150  153 0 153    150 150 150
150 150 150  153 0 153    150 150 150  150 150 150  150 150 150  153 0 153    150 150 150  150 150 150  153 0 153    150 150 150  150 150 150  150 150 150  150 150 150  150 150 150  153 0 153    150 150 150
150 150 150  150 150 150  153 0 153    153 0 153    153 0 153    150 150 150  150 150 150  150 150 150  153 0 153    150 150 150  150 150 150  150 150 150  150 150 150  150 150 150  153 0 153    150 150 150
150 150 150  150 150 150  150 150 150  150 150 150  150 150 150  150 150 150  150 150 150  150 150 150  150 150 150  150 150 150  150 150 150  150 150 150  150 150 150  150 150 150  150 150 150  150 150 150
